   9.9750000e-03
   9.8333333e-03
   9.2416667e-03
   7.3416667e-03
   5.7416667e-03
   5.0083333e-03
   4.3333333e-03
   4.2083333e-03
   6.0000000e-03
   6.1416667e-03
   6.5166667e-03
   7.1166667e-03
   7.3083333e-03
   7.4166667e-03
   7.4083333e-03
   8.3250000e-03
   8.6333333e-03
   8.6583333e-03
   8.7250000e-03
   8.6416667e-03
   8.9416667e-03
   9.9333333e-03
   1.0191667e-02
   1.0183333e-02
   1.0416667e-02
   1.1391667e-02
   1.2283333e-02
   1.3525000e-02
   1.3908333e-02
   1.2058333e-02
   9.9750000e-03
   9.7333333e-03
   1.0433333e-02
   1.1966667e-02
   1.4950000e-02
   1.4858333e-02
   1.4791667e-02
   1.6416667e-02
   2.0816667e-02
   2.2458333e-02
   2.2350000e-02
   2.1433333e-02
   1.9700000e-02
   1.6758333e-02
   1.3916667e-02
   9.6416667e-03
   1.1408333e-02
   1.3683333e-02
   1.1875000e-02
   8.8500000e-03
   1.0750000e-02
   1.1850000e-02
   1.2858333e-02
   1.6341667e-02
   1.9541667e-02
   2.6400000e-02
   2.4991667e-02
   2.3308333e-02
   2.8125000e-02
   3.0225000e-02
   2.3366667e-02
   1.5758333e-02
   1.3550000e-02
   1.5400000e-02
   1.3533333e-02
   1.2066667e-02
   1.2991667e-02
   1.3208333e-02
   1.2183333e-02
   1.1650000e-02
   1.2891667e-02
   1.4550000e-02
   1.6283333e-02
   1.6891667e-02
   1.8208333e-02
   2.0250000e-02
   2.3958333e-02
   2.5183333e-02
   2.5450000e-02
   2.7366667e-02
   3.3941667e-02
   3.7616667e-02
   3.1716667e-02
   2.4591667e-02
   3.9633333e-02
   4.1425000e-02
   4.4450000e-02
   4.3941667e-02
   3.3966667e-02
   3.5566667e-02
   3.6283333e-02
   2.7516667e-02
   2.3216667e-02
   2.1633333e-02
   2.2008333e-02
   2.3650000e-02
   2.3575000e-02
   2.4216667e-02
   2.6391667e-02
   2.8475000e-02
   2.3166667e-02
   2.1191667e-02
   1.9808333e-02
   1.9750000e-02
   2.0258333e-02
   1.9566667e-02
   1.7300000e-02
   1.5516667e-02
   1.5666667e-02
   1.5550000e-02
   1.6625000e-02
   1.7108333e-02
   1.7291667e-02
   1.6658333e-02
   1.7891667e-02
   1.9958333e-02
   2.1175000e-02
   2.3608333e-02
   2.4316667e-02
   2.2708333e-02
   2.1533333e-02
   2.0625000e-02
   2.0608333e-02
   2.0400000e-02
   1.9358333e-02
   1.6066667e-02
   1.4658333e-02
   1.4108333e-02
   1.2041667e-02
   1.0058333e-02
   9.4250000e-03
   8.1416667e-03
   7.5916667e-03
   7.6000000e-03
   7.5000000e-03
   7.6500000e-03
   7.4750000e-03
   8.0333333e-03
   9.8500000e-03
   1.1216667e-02
   1.2916667e-02
   1.4525000e-02
   1.5050000e-02
   1.4491667e-02
   1.4300000e-02
   1.3408333e-02
   1.3108333e-02
   1.3266667e-02
   1.3200000e-02
   1.3191667e-02
   1.3808333e-02
   1.3833333e-02
   1.3766667e-02
   1.3800000e-02
   1.3750000e-02
   1.3833333e-02
   1.2150000e-02
   1.1833333e-02
   1.1866667e-02
   1.2733333e-02
   1.3266667e-02
   1.4200000e-02
   1.5683333e-02
   1.6300000e-02
   1.6183333e-02
   1.3983333e-02
   1.0816667e-02
   8.7416667e-03
   5.3333333e-03
   4.3333333e-03
   4.3750000e-03
   4.3500000e-03
   3.6083333e-03
   3.1250000e-03
   3.1166667e-03
   2.5416667e-03
   2.5166667e-03
   2.5083333e-03
   2.5250000e-03
   3.5833333e-03
   4.8750000e-03
