   1.9421253e-03
   5.5144531e-03
   3.9478170e-03
   4.6499449e-03
   1.6725209e-03
  -1.9100373e-04
   3.6228469e-03
   1.0938058e-03
   4.3632984e-03
   3.6844633e-03
   2.4958220e-03
   2.9586515e-03
   2.8564090e-03
   1.4018039e-03
   4.7514880e-03
   3.6183182e-03
   4.6658898e-03
   2.1638553e-03
   3.2599492e-03
   3.3864210e-03
   3.3749918e-03
   4.9506176e-03
   3.7533677e-03
   3.0645839e-03
   7.7545829e-03
   8.0050236e-03
   7.6777503e-03
   7.7501099e-03
   2.8745664e-03
   4.9890561e-03
   9.2182432e-03
   8.6665644e-03
   1.0612983e-02
   1.0168515e-02
   1.0354632e-02
   1.1186120e-02
   9.7719987e-03
   1.2829427e-02
   1.2470224e-02
   1.1655782e-02
   1.1675240e-02
   1.0932413e-02
   9.7606041e-03
   1.3016342e-02
   9.3946025e-03
   1.1274737e-02
   9.8162520e-03
   6.1806226e-03
   1.0654130e-02
   6.0072975e-03
   8.8739819e-03
   8.3112123e-03
   1.2184779e-02
   1.9145015e-02
   1.8027495e-02
   2.0360258e-02
   2.9156399e-02
   2.7445605e-02
   2.6326029e-02
   2.4868067e-02
   1.8587949e-02
   1.2615073e-02
   1.8629150e-02
   1.6824591e-02
   1.1007503e-02
   8.6025483e-03
   1.5153805e-02
   1.5572711e-02
   1.7566965e-02
   1.7039441e-02
   1.4988038e-02
   1.4258623e-02
   1.6727253e-02
   2.0424017e-02
   1.7337466e-02
   1.8640355e-02
   1.8453833e-02
   2.6692073e-02
   2.4236788e-02
   2.3704230e-02
   2.9344082e-02
   2.3815566e-02
   2.2957717e-02
   2.4446141e-02
   2.5508226e-02
   1.6414080e-02
   1.6428777e-02
   1.5113288e-02
   1.2578136e-02
   9.5119531e-03
   1.5527769e-02
   1.1182146e-02
   8.5899116e-03
   9.1453442e-03
   1.3078150e-02
   6.7045733e-03
   1.0606553e-02
   9.6596565e-03
   7.6948960e-03
   6.2479147e-03
   1.0719974e-02
   7.5531106e-03
   6.4247408e-03
   7.8329382e-03
   7.1707061e-03
   6.0135380e-04
   7.4938450e-03
   7.1058044e-03
   1.1222430e-02
   8.5651801e-03
   1.0148651e-02
   8.4487679e-03
   8.6261742e-03
   1.1009839e-02
   1.1874081e-02
   9.7217680e-03
   1.1793325e-02
   1.2945504e-02
   6.3457671e-03
   8.2320896e-03
   1.4684514e-02
   1.0701611e-02
   1.2467765e-02
   1.2863177e-02
   7.4843010e-03
   5.5285440e-03
   7.0532644e-03
   7.9529909e-03
   7.7255124e-03
   6.3809539e-03
   6.9560837e-03
   6.2966815e-03
   5.1673754e-03
   6.4304488e-03
   3.4271369e-03
   5.2601271e-03
   3.9608034e-03
   5.4360168e-03
   8.8320488e-03
   4.4532648e-03
   4.8185956e-03
   5.5177547e-03
   4.2464299e-03
   4.1742367e-03
   6.1965236e-03
   6.3833434e-03
   3.9876681e-03
   6.6675066e-03
   4.5364980e-03
   1.8973138e-03
   2.7027186e-03
   3.3341402e-03
   7.7427729e-04
   1.6825081e-03
   3.3045131e-03
   3.6877220e-03
   2.5267968e-03
   6.5152855e-03
   5.4925487e-03
   5.9401172e-03
   8.6783799e-03
   4.8324076e-03
   4.6196386e-03
   4.4593606e-03
   8.0618077e-03
   6.3246597e-03
   1.4185302e-03
   1.4262829e-03
   2.3012052e-03
   6.9107031e-03
   4.4009993e-03
   4.1036245e-03
   7.5575895e-03
   1.6738475e-03
   5.8365003e-03
   3.6870660e-03
   8.6315290e-03
   9.4362227e-03
   4.8321301e-03
   7.4969190e-03
