   1.8274854e-02
   5.4073700e-03
  -5.0378406e-05
  -1.6343327e-02
  -1.3880744e-02
  -1.1807477e-03
   7.0858372e-03
   1.8044156e-02
   2.4473155e-02
   2.1823437e-02
   1.7154721e-02
   6.8265549e-03
   7.4548359e-03
   7.7554346e-03
   1.2984129e-02
   8.0698940e-03
   1.5499714e-02
   1.2769248e-02
   1.1657459e-02
   1.7494924e-03
   1.1209871e-02
   9.9631141e-03
   1.4648229e-02
   2.1102260e-02
   2.6520968e-02
   1.3619977e-02
   5.4431979e-03
  -1.6783407e-04
  -4.2592544e-03
  -1.4785083e-02
  -1.7539835e-02
  -1.9338630e-02
  -9.5562525e-03
  -3.9561736e-03
  -7.9800885e-03
  -1.3614443e-02
  -8.4515684e-03
  -1.4040295e-02
  -1.5688181e-02
  -2.5850930e-02
  -3.1211508e-02
  -3.2081985e-02
  -2.6771493e-02
  -3.7735082e-02
  -1.4969062e-02
  -1.3895587e-02
  -1.0776484e-02
  -1.2187255e-02
  -5.7276156e-03
   8.9643912e-03
   9.3843523e-03
   1.5332533e-02
   2.6513205e-02
   2.3990559e-02
   7.9875225e-03
   6.9510887e-03
  -8.6303742e-03
  -1.1598619e-02
  -2.3740820e-02
  -2.8276413e-02
  -3.7628469e-02
  -2.8712988e-02
  -1.4124721e-02
  -4.5309689e-03
   1.0726241e-02
   1.1066665e-02
   8.6991307e-03
   8.8097932e-03
   1.2643810e-02
   2.1123501e-02
   2.5910390e-02
   1.5242613e-02
   9.1495537e-03
   3.2375665e-02
   2.6962693e-02
   2.4572999e-02
   1.3361618e-02
   3.5237131e-03
   2.6930523e-04
  -6.2111245e-03
  -1.0322116e-02
  -3.1941700e-02
  -3.3739864e-02
  -1.7850558e-02
  -3.4022684e-03
  -1.3944118e-02
  -6.2527628e-03
  -1.9611442e-02
  -3.2696330e-02
  -2.5001195e-02
  -2.5484303e-02
  -2.1666378e-02
  -8.7334053e-03
   9.8677365e-03
   2.2135135e-02
   3.1983828e-02
   3.7406862e-02
   4.0347919e-02
   3.5790576e-02
   2.9860263e-02
   2.5937926e-02
   2.1510099e-02
   2.2910479e-02
   1.6960857e-02
   1.1739753e-02
   4.6045892e-03
   3.1697268e-03
  -1.7076855e-03
  -4.8029332e-03
  -3.1775035e-03
  -3.1626691e-03
   3.7078860e-03
  -1.0324464e-03
   1.7498308e-03
  -2.0390587e-03
   1.3821008e-03
   1.2198022e-03
  -1.2899361e-03
  -2.8866572e-03
  -7.7155325e-03
  -8.8655927e-03
  -1.2011833e-02
  -1.6406298e-02
  -2.5994418e-02
  -3.0632848e-02
  -2.4316317e-02
  -2.0372181e-02
  -1.7141736e-02
  -9.2304238e-03
  -3.2965447e-03
   1.2993950e-03
   5.6037610e-03
   1.5523364e-03
   1.5241842e-03
   1.2647323e-03
   7.4631342e-03
   1.0020378e-02
   1.4229996e-02
   1.1017153e-02
   1.2972436e-02
   8.2348413e-03
   2.9409138e-03
   3.3124877e-03
   2.7470126e-03
   2.5167739e-03
   9.3390336e-03
   8.0012810e-03
   9.2260955e-03
   5.5667364e-03
   1.0401403e-02
   1.1507091e-02
   7.9744912e-03
   8.3281671e-03
   4.7038985e-03
   5.3266880e-03
   8.4682585e-03
   4.8727861e-03
   2.5848839e-03
   3.1803076e-03
   8.3761658e-03
  -8.8098407e-03
  -2.5999478e-03
  -1.1353690e-02
  -1.2896001e-02
  -1.8587273e-02
  -1.9629859e-02
  -2.5477571e-02
  -2.3621880e-02
  -1.7541372e-02
  -1.4225977e-02
  -1.1294262e-02
  -1.2388000e-02
  -1.4262665e-02
  -7.1455407e-03
   4.2981589e-03
   7.1829278e-03
   1.2015667e-02
   1.2108619e-02
   1.2595425e-02
   1.2301909e-02
